------------------
Square matrix with size of 32:
 528  466  465  407  406  352  351  301  300  254  253  211  210  172  171  137  136  106  105   79   78   56   55   37   36   22   21   11   10    4    3    1
 529  527  467  464  408  405  353  350  302  299  255  252  212  209  173  170  138  135  107  104   80   77   57   54   38   35   23   20   12    9    5    2
 589  530  526  468  463  409  404  354  349  303  298  256  251  213  208  174  169  139  134  108  103   81   76   58   53   39   34   24   19   13    8    6
 590  588  531  525  469  462  410  403  355  348  304  297  257  250  214  207  175  168  140  133  109  102   82   75   59   52   40   33   25   18   14    7
 646  591  587  532  524  470  461  411  402  356  347  305  296  258  249  215  206  176  167  141  132  110  101   83   74   60   51   41   32   26   17   15
 647  645  592  586  533  523  471  460  412  401  357  346  306  295  259  248  216  205  177  166  142  131  111  100   84   73   61   50   42   31   27   16
 699  648  644  593  585  534  522  472  459  413  400  358  345  307  294  260  247  217  204  178  165  143  130  112   99   85   72   62   49   43   30   28
 700  698  649  643  594  584  535  521  473  458  414  399  359  344  308  293  261  246  218  203  179  164  144  129  113   98   86   71   63   48   44   29
 748  701  697  650  642  595  583  536  520  474  457  415  398  360  343  309  292  262  245  219  202  180  163  145  128  114   97   87   70   64   47   45
 749  747  702  696  651  641  596  582  537  519  475  456  416  397  361  342  310  291  263  244  220  201  181  162  146  127  115   96   88   69   65   46
 793  750  746  703  695  652  640  597  581  538  518  476  455  417  396  362  341  311  290  264  243  221  200  182  161  147  126  116   95   89   68   66
 794  792  751  745  704  694  653  639  598  580  539  517  477  454  418  395  363  340  312  289  265  242  222  199  183  160  148  125  117   94   90   67
 834  795  791  752  744  705  693  654  638  599  579  540  516  478  453  419  394  364  339  313  288  266  241  223  198  184  159  149  124  118   93   91
 835  833  796  790  753  743  706  692  655  637  600  578  541  515  479  452  420  393  365  338  314  287  267  240  224  197  185  158  150  123  119   92
 871  836  832  797  789  754  742  707  691  656  636  601  577  542  514  480  451  421  392  366  337  315  286  268  239  225  196  186  157  151  122  120
 872  870  837  831  798  788  755  741  708  690  657  635  602  576  543  513  481  450  422  391  367  336  316  285  269  238  226  195  187  156  152  121
 904  873  869  838  830  799  787  756  740  709  689  658  634  603  575  544  512  482  449  423  390  368  335  317  284  270  237  227  194  188  155  153
 905  903  874  868  839  829  800  786  757  739  710  688  659  633  604  574  545  511  483  448  424  389  369  334  318  283  271  236  228  193  189  154
 933  906  902  875  867  840  828  801  785  758  738  711  687  660  632  605  573  546  510  484  447  425  388  370  333  319  282  272  235  229  192  190
 934  932  907  901  876  866  841  827  802  784  759  737  712  686  661  631  606  572  547  509  485  446  426  387  371  332  320  281  273  234  230  191
 958  935  931  908  900  877  865  842  826  803  783  760  736  713  685  662  630  607  571  548  508  486  445  427  386  372  331  321  280  274  233  231
 959  957  936  930  909  899  878  864  843  825  804  782  761  735  714  684  663  629  608  570  549  507  487  444  428  385  373  330  322  279  275  232
 979  960  956  937  929  910  898  879  863  844  824  805  781  762  734  715  683  664  628  609  569  550  506  488  443  429  384  374  329  323  278  276
 980  978  961  955  938  928  911  897  880  862  845  823  806  780  763  733  716  682  665  627  610  568  551  505  489  442  430  383  375  328  324  277
 996  981  977  962  954  939  927  912  896  881  861  846  822  807  779  764  732  717  681  666  626  611  567  552  504  490  441  431  382  376  327  325
 997  995  982  976  963  953  940  926  913  895  882  860  847  821  808  778  765  731  718  680  667  625  612  566  553  503  491  440  432  381  377  326
1009  998  994  983  975  964  952  941  925  914  894  883  859  848  820  809  777  766  730  719  679  668  624  613  565  554  502  492  439  433  380  378
1010 1008  999  993  984  974  965  951  942  924  915  893  884  858  849  819  810  776  767  729  720  678  669  623  614  564  555  501  493  438  434  379
1018 1011 1007 1000  992  985  973  966  950  943  923  916  892  885  857  850  818  811  775  768  728  721  677  670  622  615  563  556  500  494  437  435
1019 1017 1012 1006 1001  991  986  972  967  949  944  922  917  891  886  856  851  817  812  774  769  727  722  676  671  621  616  562  557  499  495  436
1023 1020 1016 1013 1005 1002  990  987  971  968  948  945  921  918  890  887  855  852  816  813  773  770  726  723  675  672  620  617  561  558  498  496
1024 1022 1021 1015 1014 1004 1003  989  988  970  969  947  946  920  919  889  888  854  853  815  814  772  771  725  724  674  673  619  618  560  559  497
------------------
------------------
Square matrix with size of 32:
 528  466  465  407  406  352  351  301  300  254  253  211  210  172  171  137  136  106  105   79   78   56   55   37   36   22   21   11   10    4    3    1
 529  527  467  464  408  405  353  350  302  299  255  252  212  209  173  170  138  135  107  104   80   77   57   54   38   35   23   20   12    9    5    2
 589  530  526  468  463  409  404  354  349  303  298  256  251  213  208  174  169  139  134  108  103   81   76   58   53   39   34   24   19   13    8    6
 590  588  531  525  469  462  410  403  355  348  304  297  257  250  214  207  175  168  140  133  109  102   82   75   59   52   40   33   25   18   14    7
 646  591  587  532  524  470  461  411  402  356  347  305  296  258  249  215  206  176  167  141  132  110  101   83   74   60   51   41   32   26   17   15
 647  645  592  586  533  523  471  460  412  401  357  346  306  295  259  248  216  205  177  166  142  131  111  100   84   73   61   50   42   31   27   16
 699  648  644  593  585  534  522  472  459  413  400  358  345  307  294  260  247  217  204  178  165  143  130  112   99   85   72   62   49   43   30   28
 700  698  649  643  594  584  535  521  473  458  414  399  359  344  308  293  261  246  218  203  179  164  144  129  113   98   86   71   63   48   44   29
 748  701  697  650  642  595  583  536  520  474  457  415  398  360  343  309  292  262  245  219  202  180  163  145  128  114   97   87   70   64   47   45
 749  747  702  696  651  641  596  582  537  519  475  456  416  397  361  342  310  291  263  244  220  201  181  162  146  127  115   96   88   69   65   46
 793  750  746  703  695  652  640  597  581  538  518  476  455  417  396  362  341  311  290  264  243  221  200  182  161  147  126  116   95   89   68   66
 794  792  751  745  704  694  653  639  598  580  539  517  477  454  418  395  363  340  312  289  265  242  222  199  183  160  148  125  117   94   90   67
 834  795  791  752  744  705  693  654  638  599  579  540  516  478  453  419  394  364  339  313  288  266  241  223  198  184  159  149  124  118   93   91
 835  833  796  790  753  743  706  692  655  637  600  578  541  515  479  452  420  393  365  338  314  287  267  240  224  197  185  158  150  123  119   92
 871  836  832  797  789  754  742  707  691  656  636  601  577  542  514  480  451  421  392  366  337  315  286  268  239  225  196  186  157  151  122  120
 872  870  837  831  798  788  755  741  708  690  657  635  602  576  543  513  481  450  422  391  367  336  316  285  269  238  226  195  187  156  152  121
 904  873  869  838  830  799  787  756  740  709  689  658  634  603  575  544  512  482  449  423  390  368  335  317  284  270  237  227  194  188  155  153
 905  903  874  868  839  829  800  786  757  739  710  688  659  633  604  574  545  511  483  448  424  389  369  334  318  283  271  236  228  193  189  154
 933  906  902  875  867  840  828  801  785  758  738  711  687  660  632  605  573  546  510  484  447  425  388  370  333  319  282  272  235  229  192  190
 934  932  907  901  876  866  841  827  802  784  759  737  712  686  661  631  606  572  547  509  485  446  426  387  371  332  320  281  273  234  230  191
 958  935  931  908  900  877  865  842  826  803  783  760  736  713  685  662  630  607  571  548  508  486  445  427  386  372  331  321  280  274  233  231
 959  957  936  930  909  899  878  864  843  825  804  782  761  735  714  684  663  629  608  570  549  507  487  444  428  385  373  330  322  279  275  232
 979  960  956  937  929  910  898  879  863  844  824  805  781  762  734  715  683  664  628  609  569  550  506  488  443  429  384  374  329  323  278  276
 980  978  961  955  938  928  911  897  880  862  845  823  806  780  763  733  716  682  665  627  610  568  551  505  489  442  430  383  375  328  324  277
 996  981  977  962  954  939  927  912  896  881  861  846  822  807  779  764  732  717  681  666  626  611  567  552  504  490  441  431  382  376  327  325
 997  995  982  976  963  953  940  926  913  895  882  860  847  821  808  778  765  731  718  680  667  625  612  566  553  503  491  440  432  381  377  326
1009  998  994  983  975  964  952  941  925  914  894  883  859  848  820  809  777  766  730  719  679  668  624  613  565  554  502  492  439  433  380  378
1010 1008  999  993  984  974  965  951  942  924  915  893  884  858  849  819  810  776  767  729  720  678  669  623  614  564  555  501  493  438  434  379
1018 1011 1007 1000  992  985  973  966  950  943  923  916  892  885  857  850  818  811  775  768  728  721  677  670  622  615  563  556  500  494  437  435
1019 1017 1012 1006 1001  991  986  972  967  949  944  922  917  891  886  856  851  817  812  774  769  727  722  676  671  621  616  562  557  499  495  436
1023 1020 1016 1013 1005 1002  990  987  971  968  948  945  921  918  890  887  855  852  816  813  773  770  726  723  675  672  620  617  561  558  498  496
1024 1022 1021 1015 1014 1004 1003  989  988  970  969  947  946  920  919  889  888  854  853  815  814  772  771  725  724  674  673  619  618  560  559  497
------------------
------------------
Square matrix with size of 32:
 528  466  465  407  406  352  351  301  300  254  253  211  210  172  171  137  136  106  105   79   78   56   55   37   36   22   21   11   10    4    3    1
 529  527  467  464  408  405  353  350  302  299  255  252  212  209  173  170  138  135  107  104   80   77   57   54   38   35   23   20   12    9    5    2
 589  530  526  468  463  409  404  354  349  303  298  256  251  213  208  174  169  139  134  108  103   81   76   58   53   39   34   24   19   13    8    6
 590  588  531  525  469  462  410  403  355  348  304  297  257  250  214  207  175  168  140  133  109  102   82   75   59   52   40   33   25   18   14    7
 646  591  587  532  524  470  461  411  402  356  347  305  296  258  249  215  206  176  167  141  132  110  101   83   74   60   51   41   32   26   17   15
 647  645  592  586  533  523  471  460  412  401  357  346  306  295  259  248  216  205  177  166  142  131  111  100   84   73   61   50   42   31   27   16
 699  648  644  593  585  534  522  472  459  413  400  358  345  307  294  260  247  217  204  178  165  143  130  112   99   85   72   62   49   43   30   28
 700  698  649  643  594  584  535  521  473  458  414  399  359  344  308  293  261  246  218  203  179  164  144  129  113   98   86   71   63   48   44   29
 748  701  697  650  642  595  583  536  520  474  457  415  398  360  343  309  292  262  245  219  202  180  163  145  128  114   97   87   70   64   47   45
 749  747  702  696  651  641  596  582  537  519  475  456  416  397  361  342  310  291  263  244  220  201  181  162  146  127  115   96   88   69   65   46
 793  750  746  703  695  652  640  597  581  538  518  476  455  417  396  362  341  311  290  264  243  221  200  182  161  147  126  116   95   89   68   66
 794  792  751  745  704  694  653  639  598  580  539  517  477  454  418  395  363  340  312  289  265  242  222  199  183  160  148  125  117   94   90   67
 834  795  791  752  744  705  693  654  638  599  579  540  516  478  453  419  394  364  339  313  288  266  241  223  198  184  159  149  124  118   93   91
 835  833  796  790  753  743  706  692  655  637  600  578  541  515  479  452  420  393  365  338  314  287  267  240  224  197  185  158  150  123  119   92
 871  836  832  797  789  754  742  707  691  656  636  601  577  542  514  480  451  421  392  366  337  315  286  268  239  225  196  186  157  151  122  120
 872  870  837  831  798  788  755  741  708  690  657  635  602  576  543  513  481  450  422  391  367  336  316  285  269  238  226  195  187  156  152  121
 904  873  869  838  830  799  787  756  740  709  689  658  634  603  575  544  512  482  449  423  390  368  335  317  284  270  237  227  194  188  155  153
 905  903  874  868  839  829  800  786  757  739  710  688  659  633  604  574  545  511  483  448  424  389  369  334  318  283  271  236  228  193  189  154
 933  906  902  875  867  840  828  801  785  758  738  711  687  660  632  605  573  546  510  484  447  425  388  370  333  319  282  272  235  229  192  190
 934  932  907  901  876  866  841  827  802  784  759  737  712  686  661  631  606  572  547  509  485  446  426  387  371  332  320  281  273  234  230  191
 958  935  931  908  900  877  865  842  826  803  783  760  736  713  685  662  630  607  571  548  508  486  445  427  386  372  331  321  280  274  233  231
 959  957  936  930  909  899  878  864  843  825  804  782  761  735  714  684  663  629  608  570  549  507  487  444  428  385  373  330  322  279  275  232
 979  960  956  937  929  910  898  879  863  844  824  805  781  762  734  715  683  664  628  609  569  550  506  488  443  429  384  374  329  323  278  276
 980  978  961  955  938  928  911  897  880  862  845  823  806  780  763  733  716  682  665  627  610  568  551  505  489  442  430  383  375  328  324  277
 996  981  977  962  954  939  927  912  896  881  861  846  822  807  779  764  732  717  681  666  626  611  567  552  504  490  441  431  382  376  327  325
 997  995  982  976  963  953  940  926  913  895  882  860  847  821  808  778  765  731  718  680  667  625  612  566  553  503  491  440  432  381  377  326
1009  998  994  983  975  964  952  941  925  914  894  883  859  848  820  809  777  766  730  719  679  668  624  613  565  554  502  492  439  433  380  378
1010 1008  999  993  984  974  965  951  942  924  915  893  884  858  849  819  810  776  767  729  720  678  669  623  614  564  555  501  493  438  434  379
1018 1011 1007 1000  992  985  973  966  950  943  923  916  892  885  857  850  818  811  775  768  728  721  677  670  622  615  563  556  500  494  437  435
1019 1017 1012 1006 1001  991  986  972  967  949  944  922  917  891  886  856  851  817  812  774  769  727  722  676  671  621  616  562  557  499  495  436
1023 1020 1016 1013 1005 1002  990  987  971  968  948  945  921  918  890  887  855  852  816  813  773  770  726  723  675  672  620  617  561  558  498  496
1024 1022 1021 1015 1014 1004 1003  989  988  970  969  947  946  920  919  889  888  854  853  815  814  772  771  725  724  674  673  619  618  560  559  497
------------------
------------------
Square matrix with size of 32:
 528  466  465  407  406  352  351  301  300  254  253  211  210  172  171  137  136  106  105   79   78   56   55   37   36   22   21   11   10    4    3    1
 529  527  467  464  408  405  353  350  302  299  255  252  212  209  173  170  138  135  107  104   80   77   57   54   38   35   23   20   12    9    5    2
 589  530  526  468  463  409  404  354  349  303  298  256  251  213  208  174  169  139  134  108  103   81   76   58   53   39   34   24   19   13    8    6
 590  588  531  525  469  462  410  403  355  348  304  297  257  250  214  207  175  168  140  133  109  102   82   75   59   52   40   33   25   18   14    7
 646  591  587  532  524  470  461  411  402  356  347  305  296  258  249  215  206  176  167  141  132  110  101   83   74   60   51   41   32   26   17   15
 647  645  592  586  533  523  471  460  412  401  357  346  306  295  259  248  216  205  177  166  142  131  111  100   84   73   61   50   42   31   27   16
 699  648  644  593  585  534  522  472  459  413  400  358  345  307  294  260  247  217  204  178  165  143  130  112   99   85   72   62   49   43   30   28
 700  698  649  643  594  584  535  521  473  458  414  399  359  344  308  293  261  246  218  203  179  164  144  129  113   98   86   71   63   48   44   29
 748  701  697  650  642  595  583  536  520  474  457  415  398  360  343  309  292  262  245  219  202  180  163  145  128  114   97   87   70   64   47   45
 749  747  702  696  651  641  596  582  537  519  475  456  416  397  361  342  310  291  263  244  220  201  181  162  146  127  115   96   88   69   65   46
 793  750  746  703  695  652  640  597  581  538  518  476  455  417  396  362  341  311  290  264  243  221  200  182  161  147  126  116   95   89   68   66
 794  792  751  745  704  694  653  639  598  580  539  517  477  454  418  395  363  340  312  289  265  242  222  199  183  160  148  125  117   94   90   67
 834  795  791  752  744  705  693  654  638  599  579  540  516  478  453  419  394  364  339  313  288  266  241  223  198  184  159  149  124  118   93   91
 835  833  796  790  753  743  706  692  655  637  600  578  541  515  479  452  420  393  365  338  314  287  267  240  224  197  185  158  150  123  119   92
 871  836  832  797  789  754  742  707  691  656  636  601  577  542  514  480  451  421  392  366  337  315  286  268  239  225  196  186  157  151  122  120
 872  870  837  831  798  788  755  741  708  690  657  635  602  576  543  513  481  450  422  391  367  336  316  285  269  238  226  195  187  156  152  121
 904  873  869  838  830  799  787  756  740  709  689  658  634  603  575  544  512  482  449  423  390  368  335  317  284  270  237  227  194  188  155  153
 905  903  874  868  839  829  800  786  757  739  710  688  659  633  604  574  545  511  483  448  424  389  369  334  318  283  271  236  228  193  189  154
 933  906  902  875  867  840  828  801  785  758  738  711  687  660  632  605  573  546  510  484  447  425  388  370  333  319  282  272  235  229  192  190
 934  932  907  901  876  866  841  827  802  784  759  737  712  686  661  631  606  572  547  509  485  446  426  387  371  332  320  281  273  234  230  191
 958  935  931  908  900  877  865  842  826  803  783  760  736  713  685  662  630  607  571  548  508  486  445  427  386  372  331  321  280  274  233  231
 959  957  936  930  909  899  878  864  843  825  804  782  761  735  714  684  663  629  608  570  549  507  487  444  428  385  373  330  322  279  275  232
 979  960  956  937  929  910  898  879  863  844  824  805  781  762  734  715  683  664  628  609  569  550  506  488  443  429  384  374  329  323  278  276
 980  978  961  955  938  928  911  897  880  862  845  823  806  780  763  733  716  682  665  627  610  568  551  505  489  442  430  383  375  328  324  277
 996  981  977  962  954  939  927  912  896  881  861  846  822  807  779  764  732  717  681  666  626  611  567  552  504  490  441  431  382  376  327  325
 997  995  982  976  963  953  940  926  913  895  882  860  847  821  808  778  765  731  718  680  667  625  612  566  553  503  491  440  432  381  377  326
1009  998  994  983  975  964  952  941  925  914  894  883  859  848  820  809  777  766  730  719  679  668  624  613  565  554  502  492  439  433  380  378
1010 1008  999  993  984  974  965  951  942  924  915  893  884  858  849  819  810  776  767  729  720  678  669  623  614  564  555  501  493  438  434  379
1018 1011 1007 1000  992  985  973  966  950  943  923  916  892  885  857  850  818  811  775  768  728  721  677  670  622  615  563  556  500  494  437  435
1019 1017 1012 1006 1001  991  986  972  967  949  944  922  917  891  886  856  851  817  812  774  769  727  722  676  671  621  616  562  557  499  495  436
1023 1020 1016 1013 1005 1002  990  987  971  968  948  945  921  918  890  887  855  852  816  813  773  770  726  723  675  672  620  617  561  558  498  496
1024 1022 1021 1015 1014 1004 1003  989  988  970  969  947  946  920  919  889  888  854  853  815  814  772  771  725  724  674  673  619  618  560  559  497
------------------
------------------
Square matrix with size of 4:
10  4  3  1
11  9  5  2
15 12  8  6
16 14 13  7
------------------
------------------
Square matrix with size of 4:
10  4  3  1
11  9  5  2
15 12  8  6
16 14 13  7
------------------
------------------
Square matrix with size of 4:
10  4  3  1
11  9  5  2
15 12  8  6
16 14 13  7
------------------
------------------
Square matrix with size of 4:
10  4  3  1
11  9  5  2
15 12  8  6
16 14 13  7
------------------
------------------
Square matrix with size of 4:
10  4  3  1
11  9  5  2
15 12  8  6
16 14 13  7
------------------
------------------
Square matrix with size of 4:
10  4  3  1
11  9  5  2
15 12  8  6
16 14 13  7
------------------
------------------
Square matrix with size of 4:
10  4  3  1
11  9  5  2
15 12  8  6
16 14 13  7
------------------
------------------
Square matrix with size of 4:
10  4  3  1
11  9  5  2
15 12  8  6
16 14 13  7
------------------
------------------
Square matrix with size of 4:
10  4  3  1
11  9  5  2
15 12  8  6
16 14 13  7
------------------
------------------
Square matrix with size of 4:
10  4  3  1
11  9  5  2
15 12  8  6
16 14 13  7
------------------
------------------
Square matrix with size of 4:
10  4  3  1
11  9  5  2
15 12  8  6
16 14 13  7
------------------
------------------
Square matrix with size of 4:
10  4  3  1
11  9  5  2
15 12  8  6
16 14 13  7
------------------
------------------
Square matrix with size of 4:
10  4  3  1
11  9  5  2
15 12  8  6
16 14 13  7
------------------
------------------
Square matrix with size of 4:
10  4  3  1
11  9  5  2
15 12  8  6
16 14 13  7
------------------
------------------
Square matrix with size of 4:
10  4  3  1
11  9  5  2
15 12  8  6
16 14 13  7
------------------
------------------
Square matrix with size of 4:
10  4  3  1
11  9  5  2
15 12  8  6
16 14 13  7
------------------
------------------
Square matrix with size of 4:
10  4  3  1
11  9  5  2
15 12  8  6
16 14 13  7
------------------
------------------
Square matrix with size of 4:
10  4  3  1
11  9  5  2
15 12  8  6
16 14 13  7
------------------
------------------
Square matrix with size of 4:
10  4  3  1
11  9  5  2
15 12  8  6
16 14 13  7
------------------
------------------
Square matrix with size of 4:
10  4  3  1
11  9  5  2
15 12  8  6
16 14 13  7
------------------
------------------
Square matrix with size of 4:
10  4  3  1
11  9  5  2
15 12  8  6
16 14 13  7
------------------
------------------
Square matrix with size of 4:
10  4  3  1
11  9  5  2
15 12  8  6
16 14 13  7
------------------
------------------
Square matrix with size of 4:
10  4  3  1
11  9  5  2
15 12  8  6
16 14 13  7
------------------
------------------
Square matrix with size of 4:
10  4  3  1
11  9  5  2
15 12  8  6
16 14 13  7
------------------
------------------
Square matrix with size of 4:
10  4  3  1
11  9  5  2
15 12  8  6
16 14 13  7
------------------
------------------
Square matrix with size of 4:
10  4  3  1
11  9  5  2
15 12  8  6
16 14 13  7
------------------
------------------
Square matrix with size of 4:
10  4  3  1
11  9  5  2
15 12  8  6
16 14 13  7
------------------
------------------
Square matrix with size of 4:
10  4  3  1
11  9  5  2
15 12  8  6
16 14 13  7
------------------
------------------
Square matrix with size of 4:
10  4  3  1
11  9  5  2
15 12  8  6
16 14 13  7
------------------
------------------
Square matrix with size of 4:
10  4  3  1
11  9  5  2
15 12  8  6
16 14 13  7
------------------
------------------
Square matrix with size of 4:
10  4  3  1
11  9  5  2
15 12  8  6
16 14 13  7
------------------
------------------
Square matrix with size of 4:
10  4  3  1
11  9  5  2
15 12  8  6
16 14 13  7
------------------
------------------
Square matrix with size of 4:
10  4  3  1
11  9  5  2
15 12  8  6
16 14 13  7
------------------
------------------
Square matrix with size of 4:
10  4  3  1
11  9  5  2
15 12  8  6
16 14 13  7
------------------
------------------
Square matrix with size of 4:
10  4  3  1
11  9  5  2
15 12  8  6
16 14 13  7
------------------
------------------
Square matrix with size of 4:
10  4  3  1
11  9  5  2
15 12  8  6
16 14 13  7
------------------
------------------
Square matrix with size of 4:
10  4  3  1
11  9  5  2
15 12  8  6
16 14 13  7
------------------
------------------
Square matrix with size of 4:
10  4  3  1
11  9  5  2
15 12  8  6
16 14 13  7
------------------
------------------
Square matrix with size of 4:
10  4  3  1
11  9  5  2
15 12  8  6
16 14 13  7
------------------
------------------
Square matrix with size of 4:
10  4  3  1
11  9  5  2
15 12  8  6
16 14 13  7
------------------
------------------
Square matrix with size of 4:
10  4  3  1
11  9  5  2
15 12  8  6
16 14 13  7
------------------
------------------
Square matrix with size of 4:
10  4  3  1
11  9  5  2
15 12  8  6
16 14 13  7
------------------
------------------
Square matrix with size of 4:
10  4  3  1
11  9  5  2
15 12  8  6
16 14 13  7
------------------
------------------
Square matrix with size of 4:
10  4  3  1
11  9  5  2
15 12  8  6
16 14 13  7
------------------
------------------
Square matrix with size of 4:
10  4  3  1
11  9  5  2
15 12  8  6
16 14 13  7
------------------
------------------
Square matrix with size of 4:
10  4  3  1
11  9  5  2
15 12  8  6
16 14 13  7
------------------
------------------
Square matrix with size of 4:
10  4  3  1
11  9  5  2
15 12  8  6
16 14 13  7
------------------
------------------
Square matrix with size of 4:
10  4  3  1
11  9  5  2
15 12  8  6
16 14 13  7
------------------
------------------
Square matrix with size of 4:
10  4  3  1
11  9  5  2
15 12  8  6
16 14 13  7
------------------
